150

8 12
8 11
9 10
9 11
10 9
10 10
11 7
12 7
13 7
13 5
15 6
16 6
15 10
16 10
17 10
16 11
16 9
16 12
14 12
18 12
8 13
8 14
9 14
9 15
6 14
7 14
9 16
8 16
11 15
8 17
6 15
6 16
7 16
5 16
5 15
5 14
4 13
4 17
15 16
16 16
17 8
23 12
24 12
25 10
24 10
7 8
11 12
12 12
24 8
24 7
20 7
21 12
20 6
21 6
22 6
23 6
24 6
25 6
25 7
25 8
25 9
26 9
27 14
27 16
25 16
23 16
21 16
19 16
18 16
3 13
3 12
3 10
3 8
3 7
8 7
10 7
21 8
12 20
29 20
19 20
16 21
18 19
18 18
17 18
17 21
10 22
14 18
14 19
27 22
16 18
17 19
28 22
19 19
19 18
29 17
20 19
26 20
29 19
29 18
18 17
17 17
9 20
16 17
12 19
9 22
15 26
23 20
21 20
15 21
16 22
28 23
28 24
15 17
14 17
12 18
27 24
26 24
25 24
25 22
22 22
24 24
23 24
21 24
15 23
21 22
20 22
16 23
20 24
19 24
17 23
19 22
18 22
18 23
18 24
17 24
16 24
15 24
14 24
3 15
3 17
3 19
7 19
8 19
30 15
30 16
25 15
23 15
21 15
19 15
30 13
1 2 [ 8 10 ]
2 3 [ ]
3 0 [ 9 12 ]
0 1 [ ]
2 4 [ 9 9 ]
4 5 [ ]
5 3 [ 10 11 ]
2 5 [ ]
3 1 [ ]
8 9 [ ]
9 10 [ 15 5 ]
10 11 [ ]
8 7 [ ]
7 6 [ ]
6 9 [ 11 5 ]
8 11 [ 16 7 ]
9 11 [ 13 4 16 4 ]
8 6 [ 13 8 11 8 ]
12 13 [ ]
13 14 [ ]
13 16 [ ]
15 13 [ ]
15 12 [ 15 11 ]
15 14 [ 17 11 ]
14 16 [ 17 9 ]
12 16 [ 15 9 ]
17 15 [ ]
17 18 [ ]
17 19 [ ]
19 14 [ 18 10 ]
18 12 [ 14 10 ]
20 28 [ 11 13 ]
29 28 [ 11 17 ]
20 21 [ ]
21 22 [ ]
22 23 [ ]
23 26 [ ]
26 27 [ ]
27 29 [ ]
25 21 [ ]
32 27 [ ]
32 31 [ ]
31 33 [ ]
35 24 [ ]
24 25 [ ]
33 34 [ ]
34 35 [ ]
34 30 [ ]
30 23 [ ]
30 24 [ ]
31 30 [ ]
36 20 [ ]
37 29 [ ]
37 36 [ ]
28 38 [ 13 15 13 16 ]
38 39 [ ]
39 17 [ ]
16 40 [ 16 8 ]
40 11 [ 17 6 ]
41 42 [ ]
42 43 [ 25 12 ]
42 44 [ ]
44 41 [ 23 10 ]
44 43 [ ]
41 43 [ 23 13 26 13 26 10 ]
4 45 [ 10 8 ]
45 1 [ 7 11 ]
5 46 [ 11 10 ]
46 47 [ ]
47 18 [ ]
40 50 [ 19 8 19 7 ]
50 49 [ ]
49 48 [ ]
48 44 [ ]
41 51 [ ]
51 19 [ ]
6 75 [ ]
75 74 [ ]
74 73 [ ]
73 72 [ ]
72 71 [ ]
71 70 [ ]
70 69 [ ]
69 36 [ ]
39 68 [ ]
68 67 [ ]
67 66 [ ]
50 52 [ ]
52 53 [ ]
53 54 [ ]
54 55 [ ]
55 56 [ ]
56 57 [ ]
57 58 [ ]
58 59 [ ]
59 60 [ ]
60 61 [ ]
61 62 [ 27 9 ]
62 63 [ ]
63 64 [ ]
64 65 [ ]
65 66 [ ]
48 76 [ ]
76 51 [ ]
29 142 [ ]
142 141 [ ]
141 140 [ ]
140 139 [ ]
139 138 [ ]
138 69 [ ]
68 99 [ ]
99 100 [ ]
100 102 [ ]
102 112 [ ]
112 113 [ ]
113 114 [ 12 17 ]
103 114 [ ]
61 149 [ 26 8 30 8 ]
149 143 [ ]
143 144 [ ]
144 63 [ ]
64 145 [ ]
145 146 [ ]
146 65 [ ]
66 147 [ ]
147 148 [ ]
148 67 [ ]
103 77 [ ]
77 101 [ ]
101 104 [ ]
104 105 [ 9 26 ]
105 78 [ 29 26 ]
78 97 [ ]
97 98 [ ]
98 94 [ ]
94 66 [ 21 17 ]
97 95 [ ]
78 96 [ ]
96 106 [ ]
106 107 [ ]
107 79 [ ]
79 92 [ ]
92 81 [ ]
81 82 [ ]
82 93 [ ]
95 92 [ ]
82 83 [ ]
81 90 [ ]
83 89 [ ]
89 86 [ ]
86 87 [ ]
87 85 [ 14 21 10 21 ]
111 85 [ 28 25 10 25 ]
111 110 [ ]
110 91 [ ]
90 84 [ ]
84 91 [ 28 21 ]
84 109 [ 17 22 ]
109 108 [ 15 22 ]
108 80 [ ]
80 84 [ ]
91 88 [ ]
111 115 [ ]
115 116 [ ]
116 117 [ ]
117 120 [ ]
120 121 [ ]
121 122 [ ]
122 127 [ ]
127 128 [ ]
128 133 [ ]
133 132 [ ]
132 131 [ ]
131 130 [ ]
133 134 [ ]
134 135 [ ]
135 136 [ ]
136 137 [ ]
130 125 [ ]
125 124 [ ]
124 119 [ ]
119 118 [ ]
118 117 [ ]
132 129 [ ]
129 126 [ ]
126 123 [ ]
54 119 [ ]
58 33 [ 31 7 31 27 5 27 ]
